ParamOptimal =

    8.0729    0.1102    4.0743